22.820541291199998	0.444425303958	0.330738867057	0.29837377539099996	0.270758045345	0.20727684127700002	0.319468607495	1.4844826927399999
22.820541291199998	0.463221544804	0.359683241277	0.36206690367399996	0.40007969015100003	0.359811212237	0.511448373184	1.68163677493
22.820541291199998	0.464692233942	0.362091257384	0.368828636395	0.41826267491499997	0.38550463338200003	0.551508218336	1.7299925035900003
22.820541291199998	0.46482818621000005	0.36233846195600006	0.369555255348	0.420494901805	0.38876404472099996	0.5571242147869999	1.7370653541299999
22.820541291199998	0.464843277289	0.36236346733999997	0.369639267298	0.420751185428	0.38915985159199995	0.557804929586	1.7379597414400003
28.6537835902	0.49744227769500005	0.38659191084600003	0.391530907865	0.44014448374399995	0.4027393697300001	0.56723384014	1.74401068241
28.6537835902	0.498804693553	0.388745481319	0.396102108759	0.449568160235	0.413448265603	0.580564855634	1.7566892252000001
28.6537835902	0.49893705626999996	0.388864820382	0.396675905679	0.450719593565	0.41555311074	0.583125815526	1.7604608677900002
28.6537835902	0.498921768448	0.388938575949	0.3966446831	0.451048813285	0.41552325081999997	0.583861681183	1.76062433958
28.6537835902	0.498926466848	0.388932388464	0.396662790578	0.451043282309	0.415590021303	0.583863401583	1.76073886021
23.1067363929	0.468340136598	0.36614413831500003	0.37617284199400003	0.432770886822	0.403016813495	0.57494569206	1.75530860064
23.1067363929	0.467045521128	0.364154031368	0.37184287178900005	0.423985200334	0.392892719288	0.562511769164	1.7433499752200001
23.1067363929	0.46692870215000004	0.36402558575800004	0.371328580303	0.422857423262	0.390989731033	0.560019647394	1.7399011783000002
23.1067363929	0.46694110669600003	0.36396066798	0.371351436952	0.422561174577	0.390997685673	0.559353764537	1.7397218539500001
23.1067363929	0.46693440325400004	0.363971565828	0.371326781516	0.422581737674	0.39091063069	0.559382568239	1.7395823988999999
55.4869728212	0.530429701135	0.411012861943	0.41396766862400003	0.460187493934	0.417253415252	0.577682318631	1.75102507977
55.4869728212	0.533025490526	0.415274673836	0.422834225084	0.478524125925	0.438162426083	0.603384332172	1.7758901548599997
55.4869728212	0.533228747914	0.415627314362	0.423771461206	0.48111315730899995	0.441711834448	0.609032715129	1.7825359650900001
55.4869728212	0.533253111262	0.415650775071	0.423891090835	0.48139280546700003	0.442224787509	0.609753114306	1.78359960697
55.4869728212	0.5332407630870001	0.41568642859099997	0.423854602521	0.4815257929899999	0.44212688253300003	0.6100404292580001	1.78352422252
22.2282550617	0.463502236114	0.36395515015	0.377076007681	0.440115387374	0.41330477761900003	0.589813893331	1.77107777165
22.2282550617	0.460630719354	0.35931789313600004	0.36727217330399997	0.420051807424	0.39024117941500003	0.561670546355	1.74367847719
22.2282550617	0.460412682473	0.358918929306	0.366259436652	0.41717544063199996	0.38638998969099997	0.555406762189	1.73643583845
22.2282550617	0.460383109383	0.358899377182	0.366118697397	0.416886634855	0.38579744349100004	0.554651128954	1.7352298505400001
22.2282550617	0.46039304991499996	0.358868255063	0.36614667359999997	0.416764850427	0.38586642287600004	0.5543836272020001	1.7352620666499998
63.6500822887	0.5235182287879999	0.405644108547	0.408530443757	0.454168127311	0.41202724490500003	0.5726015355399999	1.74659786607
63.6500822887	0.526100072798	0.40987879077	0.41734911689599996	0.472393831279	0.43282027161700004	0.598148715994	1.7713229059400002
63.6500822887	0.526301968622	0.410229794097	0.418280327923	0.47496900304	0.436347374652	0.603766467137	1.77792803229
63.6500822887	0.52632633325	0.41025280298	0.418399737507	0.475246092393	0.436858834974	0.604480861769	1.7789874259799998
63.6500822887	0.526314218056	0.410287891572	0.41836399984	0.475377226704	0.43676321473499996	0.604764368749	1.77891473058
81.7304738075	0.503158379349	0.392895964588	0.40294812905500005	0.461330132396	0.42746006429	0.5977815469	1.77499600387
81.7304738075	0.502110570222	0.391525299058	0.39948208233099997	0.454948696157	0.419402057143	0.588744987716	1.76556059058
81.7304738075	0.502051104244	0.39136347936800003	0.39918699604099994	0.453910771931	0.418238758777	0.586514407039	1.7632917719299999
81.7304738075	0.502028875069	0.391384437384	0.399098774926	0.45389747541000003	0.417909801055	0.586426681234	1.76271755667
81.7304738075	0.5020483845970001	0.391338118199	0.399162187637	0.45374834933799996	0.41810494632100004	0.586122775203	1.76295394729
63.98786000850001	0.524862567564	0.40846197815800006	0.414363594074	0.467555294148	0.42732822874799997	0.592936656347	1.76690070598
63.98786000850001	0.525898848035	0.409803523605	0.41778930689300003	0.47382329911399995	0.435292416144	0.6018106945530001	1.77622330653
63.98786000850001	0.525955319793	0.40996758755	0.41807316314000004	0.474858708789	0.436418671448	0.604031773677	1.7784343545900003
63.98786000850001	0.525980433034	0.409939807162	0.41817080159599995	0.474850295061	0.43677682942900004	0.604075680495	1.77904466225
63.98786000850001	0.525957973447	0.40999262888300003	0.418097513256	0.475018906583	0.436550171932	0.604417989847	1.77876669689
62.63594483560001	0.527301103938	0.411032742227	0.418968265038	0.47588841408999993	0.43703897983900003	0.604886008787	1.7789580054499998
62.63594483560001	0.527389646518	0.411052893179	0.419257121131	0.476105576958	0.43774076070900003	0.605145809895	1.77977793616
62.63594483560001	0.527365241711	0.411124208288	0.419181674879	0.47635076758199996	0.437517848927	0.605637269867	1.7795331336700002
62.63594483560001	0.527389119175	0.411072884356	0.419262113514	0.47620091803900005	0.43777551932899994	0.60534550173	1.77987816181
62.63594483560001	0.527355261555	0.411148211487	0.419149103201	0.476429148947	0.437415780185	0.605798026192	1.77940737058
43.1245330929	0.5328613063809999	0.415271508508	0.422851160265	0.479638922463	0.43987890078100006	0.6071079194219999	1.78073327782
43.1245330929	0.5331041914729999	0.415615603982	0.42362836563100004	0.481290460645	0.44155042862099997	0.6095849823349999	1.7826248542299998
43.1245330929	0.533179190511	0.415519475678	0.42389767824600005	0.481152245333	0.442421643626	0.609391006378	1.78390877569
43.1245330929	0.53314998968	0.41559098067	0.42380399172300004	0.481383602988	0.442139899971	0.609858521988	1.7835780766299998
43.1245330929	0.53315084235	0.41558980743699997	0.423807237348	0.481382346812	0.44215166760200003	0.609858285264	1.7835979705900002
62.444863822200006	0.527878619303	0.411498880832	0.420376198782	0.478030202544	0.44012973455700005	0.608184668895	1.7827226598800001
62.444863822200006	0.527616797335	0.411224141172	0.41955164463399996	0.476536842361	0.438392742553	0.605903755524	1.78080295479
62.444863822200006	0.5275461968140001	0.411312898815	0.419297436628	0.476659076025	0.43756795648100005	0.6060707730439999	1.77958277379
62.444863822200006	0.527579710485	0.411232056906	0.4194055437	0.47640064955399997	0.437895054734	0.6055510936590001	1.7799732111500002
62.444863822200006	0.527576092481	0.411239391136	0.419393083592	0.476420547455	0.437854076451	0.605588223833	1.77991524363
41.842693258000004	0.531695182646	0.41467698857900004	0.42190257702100004	0.479396952851	0.439117962171	0.607227814494	1.7803793015599998
41.842693258000004	0.531997566103	0.4146946057	0.422819880806	0.48021666086099996	0.440948594207	0.608622427533	1.78226038235
41.842693258000004	0.532050735558	0.414630624253	0.42301322730499996	0.480133746411	0.441587130284	0.608507971433	1.7832176158900002
41.842693258000004	0.5320119383030001	0.414721856713	0.422886976922	0.480419138634	0.44120155532899996	0.609076660413	1.7827452518400002
41.842693258000004	0.5320187693249999	0.414707252136	0.42291007036399997	0.48037693997599995	0.441275913178	0.608995141206	1.78284592623
56.8423479288	0.532381783688	0.414931422173	0.423193431277	0.48049014750200003	0.441561517666	0.608929062205	1.7830763549400002
56.8423479288	0.5323913617270001	0.41496524231	0.42322714743199996	0.480614460145	0.44164486919600004	0.60910094905	1.78318865004
56.8423479288	0.532376721366	0.415002125305	0.423179814465	0.48073342493	0.441498709383	0.609337868353	1.78300928026
56.8423479288	0.532379576299	0.41499621648400004	0.42318953005599996	0.480716881492	0.44153007809199996	0.609306322361	1.7830522845200003
56.8423479288	0.532377492166	0.415000888882	0.42318258078000004	0.48073121176600003	0.44150790826700004	0.609334956105	1.78302337662
74.9406759779	0.512985507222	0.400457001694	0.410267684952	0.46898668273999994	0.433692489942	0.603497659394	1.7797124260900004
74.9406759779	0.512101205016	0.399331628582	0.407322769506	0.463729767844	0.42681336728	0.596104556068	1.77163888433
74.9406759779	0.512066299894	0.399163367185	0.407123971373	0.462769565949	0.425978919577	0.594069766859	1.76990963713
74.9406759779	0.512060098408	0.39915336817599995	0.407091573962	0.462675168762	0.42583568577500003	0.593831408007	1.7696023445200002
74.9406759779	0.512086009547	0.399093328165	0.40717668575800003	0.462485917873	0.426101356153	0.593449190708	1.7699346757499999
64.54884329869999	0.524860906693	0.408407020185	0.415858859859	0.46987216616599997	0.43148830329099996	0.59709477633	1.7721540984
64.54884329869999	0.5253372125119999	0.409355640999	0.417520358275	0.47366320862800004	0.43560172300300004	0.602239025242	1.77721536998
64.54884329869999	0.52533669883	0.40951721357500004	0.417574809097	0.474433598084	0.435930583301	0.6038290760639999	1.77808317657
64.54884329869999	0.525355558195	0.409490927015	0.417645186882	0.47439752648500005	0.436178398656	0.603793738245	1.77848394571
64.54884329869999	0.525341724489	0.40952328187200004	0.41759995477399997	0.474500220124	0.436038225433	0.6040016391449999	1.7783109525099998
87.47615376190001	0.494556899613	0.38656057772200003	0.396994102334	0.456065443092	0.423425582032	0.594970816583	1.7728841475900001
87.47615376190001	0.493243408733	0.38457746607500004	0.39260931019199996	0.447258700213	0.41318222753899997	0.582502283199	1.76079823168
87.47615376190001	0.49312984158600004	0.384439210558	0.392104730686	0.44609781580200003	0.41130544513000006	0.579945574072	1.75737469426
87.47615376190001	0.493141174977	0.38437641397699995	0.392123901458	0.44580719171000005	0.411301402596	0.579290104434	1.7571785132799997
87.47615376190001	0.493133905977	0.38438854008	0.392097341177	0.445831383354	0.41120821933799995	0.579326013509	1.75703084658
33.206152076100004	0.514716734109	0.400595487659	0.406469978573	0.45890951655400003	0.41991209216	0.585796660735	1.7607385096700001
33.206152076100004	0.515701433784	0.401854432052	0.40972734151199997	0.46481192084	0.42748679041500004	0.594145740953	1.7696039548599998
33.206152076100004	0.515750971426	0.402018245713	0.40998323434199996	0.46581574350500005	0.4285152138	0.596292049276	1.77165002078
33.206152076100004	0.515780222574	0.40197977760799997	0.410093934884	0.465771067473	0.428912251343	0.596261074575	1.7723035684000001
33.206152076100004	0.515754079681	0.402040613951	0.410008256929	0.465963370154	0.428645835722	0.596649760147	1.77197248958
11.2598834	0.335022306199	0.267498747978	0.288913696238	0.35811508819300003	0.35414699366999997	0.544150721015	1.73964613205
11.2598834	0.327361471309	0.255798142612	0.263187619268	0.30648650398899996	0.293959773007	0.471194028609	1.66847687666
11.2598834	0.326769007642	0.254822294861	0.26047183819499997	0.299196209637	0.283699338556	0.455269999274	1.64934594348
11.2598834	0.326715401477	0.25472021780299997	0.260183658757	0.29829330791299996	0.282404491433	0.453008246636	1.6465326403799998
11.2598834	0.326727419526	0.254670028	0.260210276626	0.29806943323	0.282437443915	0.452496159265	1.64642509942
42.810117321	0.523898346402	0.401367154516	0.39225338761100004	0.415691373374	0.36361425681599996	0.5099315137179999	1.68146832521
42.810117321	0.532188207682	0.41419988861	0.420296593635	0.472080595398	0.429180467222	0.5894676395449999	1.7590832703900001
42.810117321	0.532828698187	0.415276679635	0.423239832488	0.480068721255	0.440313913007	0.606904745965	1.77987568575
42.810117321	0.532886705836	0.415389072407	0.423552473823	0.48105739842	0.441719529652	0.609380468374	1.78293414497
42.810117321	0.532893359383	0.415399960237	0.423589375009	0.481169488789	0.441892843208	0.609678222194	1.7833251620200001
78.5775569323	0.507977044907	0.39671966255400004	0.406974783922	0.466130808168	0.43181302940300004	0.6022905736990001	1.7790429397299998
78.5775569323	0.506861304689	0.395220135891	0.403283507056	0.45920887984399994	0.423228758328	0.592483372914	1.7689834972599998
78.5775569323	0.506790378893	0.39506148837300004	0.402943442853	0.458136096338	0.421910963778	0.590165350313	1.7664610969
78.5775569323	0.506777078881	0.395060491004	0.402883961772	0.45805085368	0.42166961407700004	0.589930856022	1.7659907069599998
78.5775569323	0.506788609547	0.395031652549	0.40292060388000006	0.457953778008	0.421779108693	0.589729212045	1.76611342426
88.62595762549999	0.491975667319	0.384066872593	0.392955985438	0.44921340615500005	0.41557454899999996	0.585529963023	1.76336309197
88.62595762549999	0.491335076629	0.383146025577	0.390785207703	0.445130441135	0.41040514948299994	0.5798789495059999	1.7572088992900001
88.62595762549999	0.49132532711300003	0.38298077733400004	0.390688634852	0.444294919415	0.409930364737	0.57813612742	1.7560903951599998
88.62595762549999	0.491310174683	0.382996298411	0.39062927598499997	0.44429215936899996	0.409712273568	0.578090089173	1.75571479634
88.62595762549999	0.491318050959	0.382976894163	0.39065446414099997	0.444227697848	0.409788120734	0.577956970835	1.75580179785
75.2938189678	0.510630953553	0.397469281324	0.403515578271	0.45592408542900004	0.4175806736	0.583748844771	1.75912118336
75.2938189678	0.5115159870780001	0.398582862261	0.40645511264	0.461154940716	0.424434858121	0.591118265144	1.76715392147
75.2938189678	0.5115504629640001	0.39875113613200003	0.406652032833	0.462114019248	0.42526138514	0.593151353697	1.76886927684
75.2938189678	0.5115871342580001	0.398693418984	0.406786102773	0.46200389232	0.425727713989	0.592985177181	1.76959926687
75.2938189678	0.511554763332	0.39876778188600004	0.406679459097	0.46223610856499997	0.42539394709399997	0.5934519327459999	1.76917803653
25.1555984059	0.481877233481	0.376637480515	0.386807853459	0.444485259249	0.41320405425800005	0.584790541694	1.7639022272799998
25.1555984059	0.480608977197	0.374730154938	0.38257568991499996	0.436004280814	0.403318943754	0.572782633057	1.75224184496
25.1555984059	0.480500332332	0.37459505067500004	0.382092000602	0.43488004184699997	0.40151778950000006	0.5703083809589999	1.7489516101499998
25.1555984059	0.48051094155699997	0.374535217564	0.382109429632	0.434601987283	0.401510582672	0.569680647134	1.7487581929700002
25.1555984059	0.48050399439900005	0.37454677379600004	0.38208402629	0.43462490714100005	0.401421391193	0.569714472882	1.7486166764700002
13.1785164955	0.36426389021300004	0.288017686364	0.304195942468	0.365291944797	0.353445797816	0.5360178102750001	1.7277233791799997
13.1785164955	0.359332071897	0.28050719851100003	0.28763104522	0.332102578789	0.314716198966	0.48911335374399995	1.68194297658
13.1785164955	0.35895161876599996	0.279877829707	0.285886658932	0.327410133651	0.308123274692	0.47886605943300004	1.66964455637
13.1785164955	0.358916422502	0.279813731644	0.285698958032	0.326833946173	0.307283400636	0.477420115075	1.6678262714899998
13.1785164955	0.358927765459	0.27977342985	0.285728141998	0.326665749881	0.307342969969	0.477042888156	1.66780738533
58.4730465039	0.5236357398899999	0.402332698155	0.39608621894100005	0.424921239911	0.375170892631	0.524972229465	1.6971284811000003
58.4730465039	0.530572951605	0.413067602074	0.4194510944	0.472083684035	0.429885434546	0.591547159276	1.7618728791900002
58.4730465039	0.531109260086	0.413964132065	0.42191377844300004	0.47875393882899997	0.439190524415	0.6061159384979999	1.7792393218
58.4730465039	0.531178536454	0.41401180693000006	0.422244108218	0.479442583414	0.44058110840400005	0.607916547036	1.782074554
58.4730465039	0.531172154319	0.41404738107699995	0.422235163768	0.47961559059500003	0.440600353876	0.6083213330699999	1.7822376233000001
68.4433249814	0.5212014798319999	0.406665335213	0.415523523877	0.47374846992700004	0.43643534727899996	0.605533235898	1.78043251241
68.4433249814	0.520796069534	0.40598357934699997	0.414159844847	0.470822577299	0.43322429839599996	0.601411770185	1.7766064212900001
68.4433249814	0.520766624008	0.405922712768	0.41402148697200003	0.47039613648199996	0.432700924858	0.600479923396	1.7756130368
68.4433249814	0.5207529498960001	0.405940886903	0.413969872882	0.470417897297	0.432516478494	0.6004961583030001	1.7753103806900001
68.4433249814	0.520763332728	0.405916546303	0.414003818508	0.470340328831	0.432621832811	0.600338713364	1.7754403194400001
13.857978627	0.375897898257	0.29808145544500003	0.316918671381	0.383940525401	0.37282892851099997	0.558361870515	1.7494035497599998
13.857978627	0.369750440612	0.288713480064	0.29629403903	0.342562745868	0.324577170041	0.499880287927	1.6923646261399998
13.857978627	0.36927333430299997	0.287935831554	0.2941103894	0.33673204185999994	0.316334203004	0.48713956835699995	1.67700719943
13.857978627	0.36923227070299997	0.287849770805	0.293885714028	0.335995815836	0.315315947881	0.48530247306900004	1.67477750775
13.857978627	0.369249376975	0.287792952332	0.29393200836100003	0.33576626605099996	0.315421822964	0.48479285654	1.67479548308
73.37791137859999	0.507863296615	0.391063587904	0.38673505051600005	0.418639558657	0.372323659247	0.525326609727	1.69928179896
73.37791137859999	0.513748214363	0.40001772329999996	0.406494076375	0.458220777245	0.41852361055299997	0.5812614014249999	1.75388519845
73.37791137859999	0.514200140297	0.400772189323	0.40856895291	0.463827921813	0.42637199903800005	0.593501558942	1.7685355935799998
73.37791137859999	0.514243598009	0.400845367163	0.40879771298900003	0.464505542793	0.427388775318	0.59520762209	1.77072354383
73.37791137859999	0.514230844844	0.400891714089	0.408765496094	0.464700950964	0.427325979834	0.5956472462569999	1.7707568933900002
41.6225451904	0.531020932503	0.413359327349	0.42004368662	0.47463847942599996	0.434393351947	0.6003684347	1.7739928624599999
41.6225451904	0.531771464181	0.414354935797	0.422566401553	0.47919111711900003	0.44034591651199995	0.606711374506	1.7810276436099997
41.6225451904	0.531787926021	0.41453047826399997	0.422693559471	0.480105464724	0.440936190903	0.608626473037	1.78236041007
41.6225451904	0.531801131457	0.414521707335	0.422747654567	0.48013496424400004	0.441142042041	0.608730318909	1.7827325859099998
41.6225451904	0.531780935543	0.414568714844	0.422681460558	0.48028364100599996	0.440936120303	0.6090309550899999	1.7824766314700002
14.782770541500001	0.389004244638	0.30821876954	0.327059055466	0.394965733496	0.38223704293399996	0.5673609947280001	1.7571260391599999
14.782770541500001	0.382942964838	0.298988450688	0.306723361503	0.354183021312	0.334667542899	0.509718987967	1.70089834538
14.782770541500001	0.382473152243	0.29822067111699996	0.304572551551	0.34843249776699997	0.326546882632	0.497154772456	1.6857651684900001
14.782770541500001	0.38243215302699995	0.298136979432	0.304349356498	0.3477101501	0.325537820799	0.49535046736500005	1.68356044206
14.782770541500001	0.38244803568999997	0.298083145069	0.304391717065	0.347490447664	0.32563174814199997	0.494861144963	1.6835644628200002
59.6589167608	0.523690021278	0.403297931615	0.39895545357699996	0.43191407081600003	0.38363742910099996	0.536137741677	1.70854282653
59.6589167608	0.529682562847	0.41242463589100004	0.419092707723	0.472235280203	0.430726512671	0.593094826343	1.7642186068099999
59.6589167608	0.530117309584	0.41324965705399996	0.421121310346	0.47812365589199995	0.438446546746	0.605915723722	1.77877704595
59.6589167608	0.530190395991	0.413260213512	0.42144998861500005	0.478624463392	0.439780663231	0.607285469287	1.7813915567299998
59.6589167608	0.530172202601	0.41331896069799995	0.42139979476800005	0.4788583669	0.43966137408600003	0.607802315423	1.7813530213799997
23.2152864442	0.470353230402	0.36899241544600003	0.381245977014	0.443384515712	0.414954773013	0.5904392087610001	1.7707550381900001
23.2152864442	0.467917910678	0.36495724072400004	0.372916904163	0.42607607387199997	0.395291418469	0.566198870157	1.7473547386200001
23.2152864442	0.467727702492	0.364622119458	0.372038077876	0.423629487737	0.39195872628	0.560864697475	1.7411063828599997
23.2152864442	0.467704882991	0.364599711668	0.371925827732	0.423365081104	0.39147699038	0.560184096121	1.74010639027
23.2152864442	0.467708785533	0.364583279817	0.37193438582599997	0.42329160315700004	0.39148704623400005	0.5600159366740001	1.74006968618
36.346007250300005	0.5213071795449999	0.40422363558799995	0.407986023033	0.454919762589	0.413829666998	0.575327791442	1.74982496377
36.346007250300005	0.523474478992	0.407872226703	0.41539357511999997	0.470492614323	0.431353924494	0.597134954322	1.7707000083700002
36.346007250300005	0.5236502863120001	0.40816038688199996	0.41619824479199996	0.472650791229	0.43438886605599997	0.601852270733	1.7763569248099997
36.346007250300005	0.523667617472	0.40818734217	0.416288474149	0.472908006382	0.434788217003	0.602501534485	1.7772110995599997
36.346007250300005	0.5236648652229999	0.408200411014	0.416283284154	0.47296887414300004	0.434787024869	0.602642426563	1.7772541571200002
31.5955171439	0.511091071109	0.399086367451	0.407686736303	0.465850964827	0.429262338274	0.599367923046	1.7747554795200002
31.5955171439	0.51061767182	0.398164909571	0.406040633217	0.46214048358099996	0.425206333133	0.594318893939	1.7697814680900001
31.5955171439	0.510617637299	0.39800729112899996	0.405985536042	0.46138565072899995	0.424880293059	0.592758674709	1.7689268551900001
31.5955171439	0.51059918661	0.39803293993600003	0.405916636131	0.461420614464	0.424637453944	0.592792569351	1.7685337881999998
31.5955171439	0.5106130481710001	0.398000551411	0.40596198034000003	0.46131789149400004	0.42477807371799997	0.5925846672940001	1.76870757373
53.286857480500004	0.533271903798	0.415022636463	0.421045855832	0.475066606593	0.433892922281	0.599414855462	1.7725701104
53.286857480500004	0.53430433055	0.416348137843	0.42446020276600005	0.481274331615	0.441831469449	0.608199298068	1.7818616038
53.286857480500004	0.534357783803	0.416516960398	0.424733576629	0.482319358523	0.44292508723499996	0.610436222649	1.7840270025
53.286857480500004	0.5343865629460001	0.416480861193	0.424843356781	0.482285380807	0.443321481087	0.610429238946	1.7846864095299997
53.286857480500004	0.5343608518140001	0.4165408799	0.424759201004	0.482475650282	0.44306021468900003	0.610814320545	1.78436297694
78.2980903192	0.508433276238	0.39712093543899996	0.40745257529600004	0.46684694561499995	0.43251975586	0.603133188517	1.7798326228099999
78.2980903192	0.507281094888	0.395542182027	0.403637245327	0.459604980251	0.42364074228799997	0.592869999248	1.76941571025
78.2980903192	0.507203154973	0.395386282325	0.40326990989399997	0.458514703429	0.42222980468500004	0.590506348753	1.7667418366099998
78.2980903192	0.507195410186	0.39537172420199995	0.403228357693	0.458385258411	0.422043281831	0.590181850693	1.7663369527000001
78.2980903192	0.507202064519	0.395353577158	0.40324864319700005	0.458320042616	0.42210046074100005	0.590042825852	1.7663902868299999
44.5768310299	0.532895582619	0.414603046947	0.420396829186	0.47381295604199997	0.43254066959299997	0.597658844197	1.7708762911700002
44.5768310299	0.534040275724	0.416161982675	0.424184560292	0.480979634479	0.441354663021	0.607815013807	1.7812135531599997
44.5768310299	0.534116429101	0.41631888980099996	0.424545087404	0.482066746694	0.44274294424099997	0.610169433522	1.7838514229700002
44.5768310299	0.534125607167	0.41632998311499997	0.424591283983	0.482184971045	0.442943748465	0.610471129015	1.78427357498
44.5768310299	0.534117287854	0.416351795272	0.42456542157899996	0.48226115666599995	0.442868759507	0.610631763124	1.78419670888
56.2415264521	0.532857535173	0.415359376228	0.423765206237	0.48140416362099997	0.442479780612	0.610114122986	1.7841180801099998
56.2415264521	0.532771282023	0.415346693386	0.42348351703500003	0.481220737796	0.44178439916999995	0.609914574979	1.78329961872
56.2415264521	0.532795511592	0.415276773834	0.42355862956	0.48098209238300005	0.442006218872	0.609437484648	1.7835448066900004
56.2415264521	0.532776125416	0.415318229358	0.4234932057	0.481102578941	0.44179618936899995	0.6096716701899999	1.7832624247599997
56.2415264521	0.5328046567629999	0.415254734701	0.42358842833899996	0.48091014279	0.44209927210600003	0.6092900625	1.7836589617400003
20.9182295015	0.45332068730499997	0.35630119917900005	0.37024021962	0.433822757553	0.408999179993	0.586573002872	1.7690755160499998
20.9182295015	0.4500148790199999	0.351080487715	0.358988685592	0.411057827466	0.382609578865	0.554576903927	1.73777324524
20.9182295015	0.44976812651500003	0.350622092495	0.35783996840300003	0.407768545749	0.378236565503	0.547416985698	1.72953948311
20.9182295015	0.44975621210199995	0.35055145102799995	0.357752284057	0.407293605031	0.377792201311	0.546267744427	1.7284672776700003
20.9182295015	0.449740477187	0.35057603725599995	0.357693892592	0.407335566267	0.37758452608099996	0.5463195082360001	1.7281296958
56.5233563104	0.529025587314	0.409445664182	0.410848254392	0.454468354362	0.410349074244	0.569291305179	1.74232418998
56.5233563104	0.532320687113	0.41466211740500003	0.42206483947400003	0.47719269156099997	0.436669439432	0.601222749832	1.77354815432
56.5233563104	0.532567890096	0.415117316264	0.42321414104000005	0.480468838357	0.44104108656900004	0.608356522819	1.7817731699900001
56.5233563104	0.532570615402	0.415208132637	0.423271061396	0.481003937534	0.441387468169	0.609624019244	1.7827161247299999
56.5233563104	0.532595118019	0.415164066973	0.423358686912	0.480903263874	0.44168781863300005	0.6094563286770001	1.7831747354799998
63.6963377187	0.526579979203	0.41060296331100005	0.419374351408	0.477227052825	0.439275806333	0.607668690975	1.7821378134
63.6963377187	0.526325921773	0.410200307031	0.418554747947	0.475374341229	0.437494931443	0.604911017416	1.7801021746099999
63.6963377187	0.526250049041	0.41029166050800003	0.418280558446	0.475484436602	0.436605389469	0.6050432050060001	1.77877945722
63.6963377187	0.526275691297	0.410227405222	0.41836208076	0.475273024702	0.43684769291299996	0.604613398882	1.77905555153
63.6963377187	0.526279294631	0.41021861985799996	0.41837367671400005	0.475243999217	0.436883014054	0.604553516315	1.7790969401099999
76.9551284776	0.509917249999	0.398053192191	0.40740425697899996	0.465509960909	0.430104019626	0.599842623349	1.7761169745599996
76.9551284776	0.509192633906	0.397068217361	0.404963392834	0.46104707913500004	0.424333417261	0.593633804486	1.76928601324
76.9551284776	0.5091768608899999	0.396896506144	0.404840378841	0.460153977547	0.42376118184	0.591763386576	1.7679912342900002
76.9551284776	0.509163098065	0.39690703254799997	0.40478468647	0.46013113696900004	0.423551209024	0.591673765436	1.7676163509599998
76.9551284776	0.509182075828	0.39686278410899994	0.404846842582	0.45999097013499995	0.423744384256	0.591390145598	1.7678559375599998
60.7523889567	0.528300763449	0.411228242102	0.41755463108400004	0.471636173486	0.431352583847	0.5972695790879999	1.7709871740099998
60.7523889567	0.529174498475	0.41233455789800005	0.420465288012	0.47681010475599994	0.438155265125	0.604539860396	1.7789717392900002
60.7523889567	0.529206177556	0.412506594953	0.420652475311	0.477773970311	0.43895281896399996	0.606577382639	1.7806464782299998
60.7523889567	0.529212771314	0.412515400963	0.42068601389700006	0.4778639368	0.43909904643500003	0.606806353149	1.78095597836
60.7523889567	0.529187797476	0.412573326215	0.420604012761	0.478046694194	0.438843204326	0.607175617189	1.7806363113900003
26.945229726300003	0.49224580453199995	0.385182472383	0.39578399360100003	0.45611921533999994	0.423599631007	0.5964138054770001	1.77413363086
26.945229726300003	0.490750899001	0.382648641743	0.39072292263499997	0.445295773082	0.41164084451	0.581196734725	1.75988836095
26.945229726300003	0.490619331709	0.38247246502	0.390134640321	0.44387004711000005	0.409451587068	0.578058325551	1.75586884961
26.945229726300003	0.490616269683	0.382434145555	0.390101927905	0.44363401221999993	0.409268399667	0.577496184735	1.7553990513599997
26.945229726300003	0.49061504406999995	0.38243206145400005	0.390095096276	0.443612835482	0.40923629557400004	0.577439967553	1.75532638762
82.5361141882	0.500377695012	0.38966798337999997	0.39666185446999996	0.44938328690800006	0.41330353982	0.580221516137	1.75709479442
82.5361141882	0.500777788433	0.39032883914899996	0.398008204281	0.452230401712	0.416477933994	0.584227356807	1.76087738285
82.5361141882	0.500804388262	0.390393412373	0.398136428727	0.452662146822	0.416969148294	0.585166286506	1.7618240014
82.5361141882	0.500820200533	0.3903702441	0.398195056998	0.45262465796400003	0.417175460665	0.585118434759	1.7621540343000002
82.5361141882	0.500807524709	0.39039964731700005	0.398153440098	0.452717423963	0.417045645571	0.585305858895	1.76199187722
42.4116249183	0.53114640793	0.41299794565	0.418493065323	0.47079903428000003	0.429605081685	0.594038600741	1.76752242817
42.4116249183	0.532444057001	0.41494455529299995	0.422820920743	0.47946295800399996	0.439713579268	0.60630623391	1.77944437973
42.4116249183	0.532555055492	0.41508271608900005	0.42331516319799994	0.480612017012	0.441554423879	0.608834802901	1.7828074411500001
42.4116249183	0.532543287424	0.41514592013499996	0.42329426341	0.48090237915600004	0.441551992121	0.609488569541	1.7829923020599998
42.4116249183	0.532550878362	0.41513302021799997	0.423321864234	0.48087567084700006	0.441648352117	0.609447510637	1.7831437479700003
81.0909952858	0.504342890676	0.39405030724600004	0.404465151995	0.463933464049	0.43013062930600005	0.6011427800729999	1.7781870430900002
81.0909952858	0.5031144080969999	0.39228254778300004	0.40038193322	0.45595771563299997	0.42061067177100003	0.5898442907060001	1.76698712768
81.0909952858	0.5030198851259999	0.392134616265	0.39995064157899995	0.454833345291	0.418982543392	0.587388153016	1.7639633000200001
81.0909952858	0.503023507255	0.392092062492	0.399945648595	0.454612066528	0.41890734044100003	0.586876264397	1.76369003988
81.0909952858	0.503020784664	0.39209443182099996	0.399934457224	0.454607853772	0.418863753344	0.586857006063	1.76360946835
56.0040569004	0.531595203018	0.413439851448	0.41904460884800004	0.471751444596	0.43055051081900003	0.595247890916	1.76864938782
56.0040569004	0.532834981623	0.41524002019199996	0.423167292112	0.47984985994900003	0.440166901013	0.606718700288	1.7799685941900003
56.0040569004	0.532932768776	0.415385329853	0.423610838053	0.48097568612499997	0.441836073432	0.609181853832	1.7830565672999998
56.0040569004	0.5329267633020001	0.415433616145	0.423608100867	0.481215415815	0.44188752755500005	0.6097311118600001	1.7833010298299998
56.0040569004	0.532930843866	0.41542828024499995	0.4236238524	0.481210826964	0.44194571361900004	0.609733112742	1.78340102184
11.3367663099	0.33709079766000005	0.269661542571	0.292403820263	0.36436547336999997	0.361208348832	0.552852000828	1.7483776569
11.3367663099	0.328801096937	0.256964579762	0.264542954298	0.30840218916400003	0.296022876751	0.47378167263800003	1.67127616102
11.3367663099	0.328156826571	0.255912684055	0.261592487801	0.30051664931999994	0.284883294353	0.45655228011699994	1.65052221665
11.3367663099	0.328101280124	0.255796519501	0.261288650349	0.299521725699	0.283506517979	0.45406897361599996	1.64750774118
11.3367663099	0.32809649479499997	0.255781663436	0.26125803542599996	0.299398441535	0.283353089154	0.45375002899300004	1.6471434062399999
53.2323598661	0.525382541192	0.402518965329	0.39341850039000004	0.416977620572	0.364728860615	0.5110134826389999	1.6824093455000002
53.2323598661	0.533675991702	0.415359282245	0.421474462771	0.47339723153200003	0.430326268059	0.590591186531	1.76006137854
53.2323598661	0.534317013339	0.416436169939	0.42441984386	0.481388193992	0.44146710796099997	0.6080349592140001	1.7808663538499998
53.2323598661	0.53437476343	0.41654925512900004	0.424731690547	0.482379259666	0.44287045668700004	0.610515617791	1.78392250352
53.2323598661	0.5343815706480001	0.416559814982	0.424769110954	0.48249040717	0.44304543746799996	0.610811557548	1.7843157760900004
